268
271
275
278
282
285
289
292
296
299
302
306
309
312
316
319
322
325
328
331
334
337
340
343
346
348
351
354
356
359
361
363
366
368
370
372
374
376
377
379
381
382
384
385
386
387
388
389
390
391
392
392
393
393
394
394
394
394
394
394
393
393
392
392
391
390
389
388
387
386
385
383
382
380
378
377
375
373
371
369
366
364
362
359
357
354
351
349
346
343
340
337
334
330
327
324
320
317
313
310
306
303
299
295
292
288
284
280
276
273
269
265
261
257
253
249
245
241
237
234
230
226
222
218
215
211
207
203
200
196
193
189
186
183
180
176
173
170
167
164
162
159
156
154
152
149
147
145
143
141
139
138
136
135
134
133
132
131
130
130
130
129
129
129
130
130
131
131
132
133
135
136
138
139
141
143
145
148
150
153
156
159
163
166
170
173
177
181
186
190
195
200
205
210
215
220
226
232
237
243
250
256
262
269
275
282
289
296
303
310
318
325
332
340
347
355
363
370
378
386
394
401
409
417
425
432
440
448
455
462
470
477
484
491
498
505
511
517
523
529
535
540
545
550
555
559
562
566
569
572
574
576
577
578
578
578